{
    "data": [
        {
            "image": "images/sample_0000.png",
            "matrix": [
                [
                    0.8810606882301149,
                    -0.46330902664549994,
                    -0.09527229127231018,
                    0.369787058491136
                ],
                [
                    -0.45644032145956653,
                    -0.8856185610002363,
                    0.08568545592898744,
                    -0.01358924812850297
                ],
                [
                    -0.12407375468391374,
                    -0.03200797151758212,
                    -0.9917566199214229,
                    0.1742619945361995
                ],
                [
                    0.0,
                    0.0,
                    0.0,
                    1.0
                ]
            ],
            "homogeneous_matrix": [
                [
                    0.9021626077617574,
                    -0.03899324845634322,
                    0.42963025467409477,
                    -0.11054371780418877
                ],
                [
                    0.2800358958841346,
                    0.8104904781607468,
                    -0.5144755405528383,
                    -0.20720988465566947
                ],
                [
                    -0.32815015796564195,
                    0.5844524885613772,
                    0.7421137126084771,
                    0.8242620441401262
                ],
                [
                    0.0,
                    0.0,
                    0.0,
                    1.0
                ]
            ],
            "target_pose": [
                0.3776066326847993,
                -0.017480987288249955,
                0.18356325143140093,
                0.9689309077383617,
                -0.24178337608460126,
                -0.04308697235682603,
                -0.029278112841660077
            ],
            "tag_id": 2,
            "detection_attempts": 1
        },
        {
            "image": "images/sample_0001.png",
            "matrix": [
                [
                    0.971245977893514,
                    -0.21689120132682793,
                    -0.09818073748285569,
                    0.39003801365015367
                ],
                [
                    -0.21035699557420523,
                    -0.9749145281091179,
                    0.07274336598460289,
                    -0.015360398527066627
                ],
                [
                    -0.11149522338946105,
                    -0.049998696670828124,
                    -0.9925063956935253,
                    0.1763939551864172
                ],
                [
                    0.0,
                    0.0,
                    0.0,
                    1.0
                ]
            ],
            "homogeneous_matrix": [
                [
                    0.9799943632071104,
                    -0.08241176789764394,
                    0.18116111225722523,
                    -0.09255347321996733
                ],
                [
                    0.16855869482771654,
                    0.8276671635814766,
                    -0.5353083529396578,
                    -0.19797547038566235
                ],
                [
                    -0.10582539619706996,
                    0.5551354490941623,
                    0.8250003749567364,
                    0.7884738366152897
                ],
                [
                    0.0,
                    0.0,
                    0.0,
                    1.0
                ]
            ],
            "target_pose": [
                0.39760663268479934,
                -0.017480987288249955,
                0.18356325143140093,
                0.9933629335139993,
                -0.10336743598623353,
                -0.04216766764225257,
                -0.02769735192588683
            ],
            "tag_id": 2,
            "detection_attempts": 1
        },
        {
            "image": "images/sample_0002.png",
            "matrix": [
                [
                    0.9457212738756788,
                    -0.22422321122028088,
                    -0.23523440158494774,
                    0.41335729643557895
                ],
                [
                    -0.18625910381863925,
                    -0.9671414742714128,
                    0.17304599096423895,
                    -0.019524664673582492
                ],
                [
                    -0.2663058737310173,
                    -0.11983872618725301,
                    -0.9564098814431896,
                    0.1765962514926102
                ],
                [
                    0.0,
                    0.0,
                    0.0,
                    1.0
                ]
            ],
            "homogeneous_matrix": [
                [
                    0.9896389524488894,
                    0.013255079866521968,
                    0.14296519385359746,
                    -0.13456135012380044
                ],
                [
                    0.08452732285544887,
                    0.7510984948874188,
                    -0.6547565827609109,
                    -0.14270456538343035
                ],
                [
                    -0.11605979272235192,
                    0.6600570837704773,
                    0.74219591125097,
                    0.7212901559341918
                ],
                [
                    0.0,
                    0.0,
                    0.0,
                    1.0
                ]
            ],
            "target_pose": [
                0.4176066326847993,
                -0.017480987288249955,
                0.18356325143140093,
                0.9835654651281498,
                -0.1061450183186078,
                -0.12187051009101384,
                -0.08049714071658078
            ],
            "tag_id": 2,
            "detection_attempts": 1
        },
        {
            "image": "images/sample_0003.png",
            "matrix": [
                [
                    0.9680030048841881,
                    -0.23047872354106919,
                    -0.09924585900712457,
                    0.42871346091688683
                ],
                [
                    -0.20577130838072494,
                    -0.9554153848744151,
                    0.21175365638533325,
                    -0.018018408904111424
                ],
                [
                    -0.14362573300932965,
                    -0.1845562254169514,
                    -0.972270871967982,
                    0.17285444271235773
                ],
                [
                    0.0,
                    0.0,
                    0.0,
                    1.0
                ]
            ],
            "homogeneous_matrix": [
                [
                    0.9854774642660717,
                    0.05365908711898365,
                    0.1611051513554748,
                    -0.15063082005543288
                ],
                [
                    0.0434036184760867,
                    0.8376424720756916,
                    -0.5444917032224698,
                    -0.16382919285724903
                ],
                [
                    -0.16416544498430666,
                    0.5435768495295592,
                    0.8231487807976293,
                    0.7506380142664846
                ],
                [
                    0.0,
                    0.0,
                    0.0,
                    1.0
                ]
            ],
            "target_pose": [
                0.4376066326847993,
                -0.017480987288249955,
                0.18356325143140093,
                0.9870797965551006,
                -0.11146963753502859,
                -0.04655168709871109,
                -0.10526602286024862
            ],
            "tag_id": 2,
            "detection_attempts": 1
        },
        {
            "image": "images/sample_0004.png",
            "matrix": [
                [
                    0.9479760938481434,
                    -0.3069852399041732,
                    -0.08426973343611377,
                    0.37001797235417677
                ],
                [
                    -0.2940093451608749,
                    -0.9457879599767247,
                    0.1379986946356357,
                    0.005213917482591306
                ],
                [
                    -0.12206486165350777,
                    -0.10604337435239936,
                    -0.9868409052656195,
                    0.17448708187399303
                ],
                [
                    0.0,
                    0.0,
                    0.0,
                    1.0
                ]
            ],
            "homogeneous_matrix": [
                [
                    0.9667146062193807,
                    -0.009560562757017478,
                    0.25567844211406776,
                    -0.0960522672871805
                ],
                [
                    0.14985901730859147,
                    0.8311097458392706,
                    -0.5355360541572205,
                    -0.20578576860179099
                ],
                [
                    -0.20737681898758803,
                    0.5560262457930844,
                    0.8048786672137843,
                    0.8234995362142065
                ],
                [
                    0.0,
                    0.0,
                    0.0,
                    1.0
                ]
            ],
            "target_pose": [
                0.3776066326847993,
                0.0025190127117500453,
                0.18356325143140093,
                0.9855893835787818,
                -0.15363667356157973,
                -0.038888499698852594,
                -0.05913564157850821
            ],
            "tag_id": 2,
            "detection_attempts": 1
        },
        {
            "image": "images/sample_0005.png",
            "matrix": [
                [
                    0.9420395041546913,
                    -0.31700424687812395,
                    -0.10986300593565135,
                    0.3940916397524805
                ],
                [
                    -0.3058408103747004,
                    -0.9460255467475033,
                    0.10722436108662191,
                    0.003418823310986134
                ],
                [
                    -0.13792378809085135,
                    -0.06740899318578474,
                    -0.9881462727331155,
                    0.17771166189229515
                ],
                [
                    0.0,
                    0.0,
                    0.0,
                    1.0
                ]
            ],
            "homogeneous_matrix": [
                [
                    0.9610052076535704,
                    -0.03833563498724524,
                    0.27386012844669766,
                    -0.08677549733683784
                ],
                [
                    0.18796684741263503,
                    0.8169345998866858,
                    -0.5452396938794314,
                    -0.1936930347192846
                ],
                [
                    -0.20282370457240007,
                    0.5754548102137174,
                    0.7922842332556053,
                    0.7825665332108914
                ],
                [
                    0.0,
                    0.0,
                    0.0,
                    1.0
                ]
            ],
            "target_pose": [
                0.39760663268479934,
                0.0025190127117500453,
                0.18356325143140093,
                0.9846338577861535,
                -0.15955894773961984,
                -0.057133180037310584,
                -0.042105914503859664
            ],
            "tag_id": 2,
            "detection_attempts": 1
        },
        {
            "image": "images/sample_0006.png",
            "matrix": [
                [
                    0.9103916566780766,
                    -0.4085182502746096,
                    -0.06557339890167951,
                    0.4082235749282877
                ],
                [
                    -0.3807118967865187,
                    -0.889169948751645,
                    0.25384100118422215,
                    0.0013947955318669991
                ],
                [
                    -0.16200457739261107,
                    -0.20613015652632813,
                    -0.9650206606463269,
                    0.1749195386509662
                ],
                [
                    0.0,
                    0.0,
                    0.0,
                    1.0
                ]
            ],
            "homogeneous_matrix": [
                [
                    0.9308579307119496,
                    0.121180654405264,
                    0.3447009745106323,
                    -0.15146746339010414
                ],
                [
                    0.09839622255897812,
                    0.8254101136759425,
                    -0.5558923705427078,
                    -0.17856190244418416
                ],
                [
                    -0.3518830717962882,
                    0.5513740955461899,
                    0.7564158317644001,
                    0.7887043177580393
                ],
                [
                    0.0,
                    0.0,
                    0.0,
                    1.0
                ]
            ],
            "target_pose": [
                0.4176066326847993,
                0.0025190127117500453,
                0.18356325143140093,
                0.9695605293193477,
                -0.20509997102728852,
                -0.04683380279060205,
                -0.12527161205461812
            ],
            "tag_id": 2,
            "detection_attempts": 1
        },
        {
            "image": "images/sample_0007.png",
            "matrix": [
                [
                    0.9635366966831119,
                    -0.2602085451464752,
                    -0.062358216601754925,
                    0.43026100362902286
                ],
                [
                    -0.2507432374649573,
                    -0.9594134530207746,
                    0.1290490411756157,
                    0.003212422940417431
                ],
                [
                    -0.09340697517096162,
                    -0.10870758573121057,
                    -0.989675602303049,
                    0.1766382799958338
                ],
                [
                    0.0,
                    0.0,
                    0.0,
                    1.0
                ]
            ],
            "homogeneous_matrix": [
                [
                    0.9761977562746331,
                    -0.02512327720834138,
                    0.21542228665271299,
                    -0.0926581194037274
                ],
                [
                    0.13396238403985852,
                    0.8509878568839172,
                    -0.507812708681532,
                    -0.1840401665304875
                ],
                [
                    -0.1705638305935003,
                    0.524584109917971,
                    0.834098010616763,
                    0.7549760448578692
                ],
                [
                    0.0,
                    0.0,
                    0.0,
                    1.0
                ]
            ],
            "target_pose": [
                0.4376066326847993,
                0.0025190127117500453,
                0.18356325143140093,
                0.9902089911428701,
                -0.12386011601438282,
                -0.028779886611691095,
                -0.05758944041524689
            ],
            "tag_id": 2,
            "detection_attempts": 1
        },
        {
            "image": "images/sample_0008.png",
            "matrix": [
                [
                    0.9524434520838195,
                    -0.30471189749769384,
                    -0.001459488270712024,
                    0.3691444257636331
                ],
                [
                    -0.3022800323983907,
                    -0.9454247987173942,
                    0.12165003897822244,
                    0.020140808793089215
                ],
                [
                    -0.038448050612290875,
                    -0.11542360890879344,
                    -0.9925719812238228,
                    0.17415062732744696
                ],
                [
                    0.0,
                    0.0,
                    0.0,
                    1.0
                ]
            ],
            "homogeneous_matrix": [
                [
                    0.9628976774098286,
                    -0.026715637445741736,
                    0.2685411282366731,
                    -0.07090854245871464
                ],
                [
                    0.15456630037428604,
                    0.8702992825477465,
                    -0.46764133434233973,
                    -0.22549001419325698
                ],
                [
                    -0.22121781489600606,
                    0.4917981633889513,
                    0.8421384950587942,
                    0.8513550901556675
                ],
                [
                    0.0,
                    0.0,
                    0.0,
                    1.0
                ]
            ],
            "target_pose": [
                0.3776066326847993,
                0.022519012711750046,
                0.18356325143140093,
                0.9855444770869667,
                -0.15674234791720873,
                0.0034760283787195582,
                -0.06420153642622857
            ],
            "tag_id": 2,
            "detection_attempts": 1
        },
        {
            "image": "images/sample_0009.png",
            "matrix": [
                [
                    0.9451251598042498,
                    -0.32081720983362405,
                    -0.06176366390977478,
                    0.39340934821728996
                ],
                [
                    -0.3104177105735988,
                    -0.9407568219002704,
                    0.1364457658205196,
                    0.022039281819076065
                ],
                [
                    -0.10187873805282732,
                    -0.10978579107822234,
                    -0.9887202854245949,
                    0.17687283342024934
                ],
                [
                    0.0,
                    0.0,
                    0.0,
                    1.0
                ]
            ],
            "homogeneous_matrix": [
                [
                    0.9617500360241613,
                    -0.011619460764351053,
                    0.2736820351047382,
                    -0.07410832306671458
                ],
                [
                    0.15744812501908745,
                    0.8410211462625193,
                    -0.517584311457806,
                    -0.2025713880001433
                ],
                [
                    -0.22415832827601842,
                    0.5408774534687346,
                    0.8106815800261392,
                    0.8005626050762024
                ],
                [
                    0.0,
                    0.0,
                    0.0,
                    1.0
                ]
            ],
            "target_pose": [
                0.39760663268479934,
                0.022519012711750046,
                0.18356325143140093,
                0.9830236036990433,
                -0.1668779964064107,
                -0.03623451268756809,
                -0.06710729450829259
            ],
            "tag_id": 2,
            "detection_attempts": 1
        },
        {
            "image": "images/sample_0010.png",
            "matrix": [
                [
                    0.9472281662800336,
                    -0.3198464998860509,
                    -0.021377968014007074,
                    0.410059982890668
                ],
                [
                    -0.3142853782319797,
                    -0.9397497861984493,
                    0.13451780688648887,
                    0.02100987955702939
                ],
                [
                    -0.0631149905755116,
                    -0.12070027278598713,
                    -0.9906805449356729,
                    0.17657477271607325
                ],
                [
                    0.0,
                    0.0,
                    0.0,
                    1.0
                ]
            ],
            "homogeneous_matrix": [
                [
                    0.9597389254652573,
                    -0.011729005331435727,
                    0.28064857986586783,
                    -0.07513888343695391
                ],
                [
                    0.15249668484923173,
                    0.860822506449888,
                    -0.4855196942445565,
                    -0.2026797369519913
                ],
                [
                    -0.23589395086942636,
                    0.5087701276836807,
                    0.8279535017861474,
                    0.793792307647496
                ],
                [
                    0.0,
                    0.0,
                    0.0,
                    1.0
                ]
            ],
            "target_pose": [
                0.4176066326847993,
                0.022519012711750046,
                0.18356325143140093,
                0.984234799447286,
                -0.16217716155739342,
                -0.0112697091518704,
                -0.06966650186266121
            ],
            "tag_id": 2,
            "detection_attempts": 1
        },
        {
            "image": "images/sample_0011.png",
            "matrix": [
                [
                    0.966263820918119,
                    -0.25172028166980676,
                    -0.054508056109077975,
                    0.4332235042858114
                ],
                [
                    -0.24418368813328586,
                    -0.962653594879804,
                    0.11692896439555252,
                    0.02244249561222653
                ],
                [
                    -0.08190576801632127,
                    -0.09967424973915452,
                    -0.9916433275652053,
                    0.17691708263715694
                ],
                [
                    0.0,
                    0.0,
                    0.0,
                    1.0
                ]
            ],
            "homogeneous_matrix": [
                [
                    0.9798699203768996,
                    -0.0427671523519845,
                    0.1950023328585335,
                    -0.061722371325968695
                ],
                [
                    0.13805359877657356,
                    0.8507436615471848,
                    -0.5071256512957377,
                    -0.18577730302757672
                ],
                [
                    -0.1442086786757475,
                    0.5238379453771856,
                    0.8395222831930095,
                    0.7525136317195591
                ],
                [
                    0.0,
                    0.0,
                    0.0,
                    1.0
                ]
            ],
            "target_pose": [
                0.4376066326847993,
                0.022519012711750046,
                0.18356325143140093,
                0.9909973351627852,
                -0.11996159469906267,
                -0.02745650239396512,
                -0.0527222720850165
            ],
            "tag_id": 2,
            "detection_attempts": 1
        },
        {
            "image": "images/sample_0012.png",
            "matrix": [
                [
                    0.954404240109516,
                    -0.29831640724854885,
                    -0.010948407523271354,
                    0.36931709803490065
                ],
                [
                    -0.29800409736168515,
                    -0.9542721630684406,
                    0.023626187765423343,
                    0.0441366700626826
                ],
                [
                    -0.017495839980547653,
                    -0.019286263479423242,
                    -0.9996609103212836,
                    0.17419624013458185
                ],
                [
                    0.0,
                    0.0,
                    0.0,
                    1.0
                ]
            ],
            "homogeneous_matrix": [
                [
                    0.9561681539454686,
                    -0.12519543022105653,
                    0.2647046762569166,
                    -0.00013537849599852775
                ],
                [
                    0.23843045521679188,
                    0.8576456075240236,
                    -0.4556258661663772,
                    -0.23018205277826526
                ],
                [
                    -0.16998052654827225,
                    0.4987685998000603,
                    0.8499038207043544,
                    0.8471874071511182
                ],
                [
                    0.0,
                    0.0,
                    0.0,
                    1.0
                ]
            ],
            "target_pose": [
                0.3776066326847993,
                0.04251901271175004,
                0.18356325143140093,
                0.9881392354076246,
                -0.15305667173793416,
                0.007247144383355778,
                -0.010098791156774768
            ],
            "tag_id": 2,
            "detection_attempts": 1
        },
        {
            "image": "images/sample_0013.png",
            "matrix": [
                [
                    0.9873091956499679,
                    -0.1576123339081042,
                    -0.01946546647408556,
                    0.3886324661492649
                ],
                [
                    -0.1551209594301564,
                    -0.9833689880858943,
                    0.09446121540818857,
                    0.04031996254628789
                ],
                [
                    -0.03402998869352219,
                    -0.09024292476956132,
                    -0.9953382211080585,
                    0.1748724314814693
                ],
                [
                    0.0,
                    0.0,
                    0.0,
                    1.0
                ]
            ],
            "homogeneous_matrix": [
                [
                    0.9911040549298996,
                    -0.07101147456308915,
                    0.11256163992180138,
                    -0.024114996439090788
                ],
                [
                    0.11733684168788225,
                    0.8653588017116075,
                    -0.48722295705658575,
                    -0.21491591969463814
                ],
                [
                    -0.06280778521984666,
                    0.4960962757173515,
                    0.8659928794944859,
                    0.8150867463005719
                ],
                [
                    0.0,
                    0.0,
                    0.0,
                    1.0
                ]
            ],
            "target_pose": [
                0.39760663268479934,
                0.04251901271175004,
                0.18356325143140093,
                0.9955966606600467,
                -0.0785299906888603,
                -0.001176537397973132,
                -0.051175634873662515
            ],
            "tag_id": 2,
            "detection_attempts": 1
        },
        {
            "image": "images/sample_0014.png",
            "matrix": [
                [
                    0.990965677543966,
                    -0.1339826436131082,
                    0.00597303442742177,
                    0.40838458094984
                ],
                [
                    -0.13411009350517822,
                    -0.9895329911457099,
                    0.053281725331081504,
                    0.04349019554368111
                ],
                [
                    -0.0012283117929428448,
                    -0.05360140524899786,
                    -0.9985616558858407,
                    0.17462885159124208
                ],
                [
                    0.0,
                    0.0,
                    0.0,
                    1.0
                ]
            ],
            "homogeneous_matrix": [
                [
                    0.9889580261399629,
                    -0.11740705924133049,
                    0.0904301109899305,
                    -0.002351860400431738
                ],
                [
                    0.14583095772580545,
                    0.8795697691813105,
                    -0.4528690240136892,
                    -0.21235684204732624
                ],
                [
                    -0.026369571519514662,
                    0.46105596578142194,
                    0.8869791666748648,
                    0.7997823449113727
                ],
                [
                    0.0,
                    0.0,
                    0.0,
                    1.0
                ]
            ],
            "target_pose": [
                0.4176066326847993,
                0.04251901271175004,
                0.18356325143140093,
                0.9973573081691532,
                -0.06683712747745653,
                0.014328827573104469,
                -0.024614689364751644
            ],
            "tag_id": 2,
            "detection_attempts": 1
        },
        {
            "image": "images/sample_0015.png",
            "matrix": [
                [
                    0.9677864839374823,
                    -0.2479553317320277,
                    -0.04367464909515902,
                    0.4337222434202624
                ],
                [
                    -0.24351332615539986,
                    -0.9659148943276725,
                    0.08780476581994431,
                    0.04190030972983477
                ],
                [
                    -0.06395765390208599,
                    -0.07434090651600583,
                    -0.9951798069322546,
                    0.17694255097228362
                ],
                [
                    0.0,
                    0.0,
                    0.0,
                    1.0
                ]
            ],
            "homogeneous_matrix": [
                [
                    0.977029603781703,
                    -0.07325426189742573,
                    0.20011738167393572,
                    -0.024341306975324325
                ],
                [
                    0.16490556496168501,
                    0.8546902561009229,
                    -0.49225066863419,
                    -0.1903651996238976
                ],
                [
                    -0.13497891679383026,
                    0.5139439456205345,
                    0.8471377177184128,
                    0.7543215969417286
                ],
                [
                    0.0,
                    0.0,
                    0.0,
                    1.0
                ]
            ],
            "target_pose": [
                0.4376066326847993,
                0.04251901271175004,
                0.18356325143140093,
                0.990069937980547,
                -0.1310771243629728,
                -0.02197518464291736,
                -0.0457973431089541
            ],
            "tag_id": 2,
            "detection_attempts": 1
        },
        {
            "image": "images/sample_0016.png",
            "matrix": [
                [
                    0.9918386568402872,
                    -0.11526770369309818,
                    -0.05449252501559898,
                    0.37513900518587207
                ],
                [
                    -0.10690124403605071,
                    -0.9847468608127964,
                    0.13727980238508475,
                    -0.01461026672813448
                ],
                [
                    -0.06948527053124488,
                    -0.1303340960940893,
                    -0.989032264678224,
                    0.19695097799931072
                ],
                [
                    0.0,
                    0.0,
                    0.0,
                    1.0
                ]
            ],
            "homogeneous_matrix": [
                [
                    0.9976776675744325,
                    -0.032979131847530874,
                    0.05959570861918041,
                    -0.1119926221918293
                ],
                [
                    0.05837325498850682,
                    0.8648532457762168,
                    -0.4986195206491517,
                    -0.23797423220045832
                ],
                [
                    -0.03509750312039078,
                    0.5009403558637757,
                    0.8647698683128291,
                    0.8134751764390571
                ],
                [
                    0.0,
                    0.0,
                    0.0,
                    1.0
                ]
            ],
            "target_pose": [
                0.3776066326847993,
                -0.017480987288249955,
                0.20356325143140092,
                0.9960586024563043,
                -0.05473344465322438,
                -0.023352430407957633,
                -0.06577366116636636
            ],
            "tag_id": 2,
            "detection_attempts": 1
        },
        {
            "image": "images/sample_0017.png",
            "matrix": [
                [
                    0.9630953927121405,
                    -0.25393503944795875,
                    0.08924270433604947,
                    0.3884803360152187
                ],
                [
                    -0.2650404124421502,
                    -0.9524985173449806,
                    0.1500005140928149,
                    -0.01636321466227815
                ],
                [
                    0.04691315710057056,
                    -0.16811772719192192,
                    -0.9846499812088964,
                    0.19202343582955583
                ],
                [
                    0.0,
                    0.0,
                    0.0,
                    1.0
                ]
            ],
            "homogeneous_matrix": [
                [
                    0.9738855528585826,
                    -0.0028391612042213132,
                    0.2270217370583485,
                    -0.12980905019102096
                ],
                [
                    0.09293511931712319,
                    0.9172981114233052,
                    -0.3872043883748609,
                    -0.2530513704095892
                ],
                [
                    -0.20714727497808305,
                    0.3981910520628188,
                    0.8936072361648937,
                    0.8551182961887134
                ],
                [
                    0.0,
                    0.0,
                    0.0,
                    1.0
                ]
            ],
            "target_pose": [
                0.39760663268479934,
                -0.017480987288249955,
                0.20356325143140092,
                0.9855837642189471,
                -0.1374468734569456,
                0.05034920901897703,
                -0.08484077932270968
            ],
            "tag_id": 2,
            "detection_attempts": 1
        },
        {
            "image": "images/sample_0018.png",
            "matrix": [
                [
                    0.9929919828380176,
                    -0.1143929860872406,
                    -0.02968445305992531,
                    0.41273836475278997
                ],
                [
                    -0.10694005999944248,
                    -0.9766492413074335,
                    0.18633325795716302,
                    -0.01927176539466552
                ],
                [
                    -0.05030651634468612,
                    -0.18185297409627202,
                    -0.9820380594587985,
                    0.19636955985585197
                ],
                [
                    0.0,
                    0.0,
                    0.0,
                    1.0
                ]
            ],
            "homogeneous_matrix": [
                [
                    0.9988101798649751,
                    0.014761464583773642,
                    0.046479283142472905,
                    -0.13749795599396772
                ],
                [
                    0.008962638855394917,
                    0.881289311313617,
                    -0.472492138420438,
                    -0.22072004535991144
                ],
                [
                    -0.04793637139838533,
                    0.472346534789568,
                    0.8801084338701928,
                    0.7805362999558765
                ],
                [
                    0.0,
                    0.0,
                    0.0,
                    1.0
                ]
            ],
            "target_pose": [
                0.4176066326847993,
                -0.017480987288249955,
                0.20356325143140092,
                0.9936676008142342,
                -0.05541386342987906,
                -0.012754743462012125,
                -0.09690881977960832
            ],
            "tag_id": 2,
            "detection_attempts": 1
        },
        {
            "image": "images/sample_0019.png",
            "matrix": [
                [
                    0.9559107351338874,
                    -0.2877549613594086,
                    -0.05858112894812209,
                    0.43328497942480065
                ],
                [
                    -0.2801507267725295,
                    -0.9534185516722342,
                    0.11184201185620252,
                    -0.015526630092976508
                ],
                [
                    -0.08803542891708302,
                    -0.0904994339223438,
                    -0.9919977901765309,
                    0.1963686695697554
                ],
                [
                    0.0,
                    0.0,
                    0.0,
                    1.0
                ]
            ],
            "homogeneous_matrix": [
                [
                    0.9694822659339846,
                    -0.03692714845698536,
                    0.24236443993775522,
                    -0.11301553632209044
                ],
                [
                    0.15975769879863744,
                    0.8450295660277312,
                    -0.5102964924566388,
                    -0.20805257982057787
                ],
                [
                    -0.1859613231671302,
                    0.5334429850001032,
                    0.8251405747144603,
                    0.7432043339382239
                ],
                [
                    0.0,
                    0.0,
                    0.0,
                    1.0
                ]
            ],
            "target_pose": [
                0.4376066326847993,
                -0.017480987288249955,
                0.20356325143140092,
                0.9877743626012085,
                -0.14492768400420097,
                -0.030505402089949632,
                -0.04865383273993284
            ],
            "tag_id": 2,
            "detection_attempts": 1
        },
        {
            "image": "images/sample_0020.png",
            "matrix": [
                [
