{
    "data": [
        {
            "image": "images/sample_0000.png",
            "matrix": [
                [
                    0.9933852983185993,
                    -0.032596895213946944,
                    -0.11010491136583574,
                    0.37471396572838134
                ],
                [
                    -0.029837669778633107,
                    -0.999200337585469,
                    0.026615762834571843,
                    -0.045843376802967836
                ],
                [
                    -0.11088445583871902,
                    -0.023154433517058766,
                    -0.9935635408275887,
                    0.17542342635640146
                ],
                [
                    0.0,
                    0.0,
                    0.0,
                    1.0
                ]
            ],
            "homogeneous_matrix": [
                [
                    0.9972281739854332,
                    -0.016494691788895177,
                    0.07255269913978443,
                    -0.0554645339748519
                ],
                [
                    -0.03082920743976786,
                    0.7958694422737334,
                    0.6046828845134711,
                    0.005613953242461013
                ],
                [
                    -0.06771653400990396,
                    -0.6052435509757088,
                    0.7931549123746257,
                    0.4649968637412302
                ],
                [
                    0.0,
                    0.0,
                    0.0,
                    1.0
                ]
            ],
            "target_pose": [
                0.3830270824666958,
                -0.048119131331212095,
                0.18267681304472336,
                0.9989250823186322,
                -0.011143608742864847,
                -0.0442358169667085,
                -0.008227538890087954
            ],
            "tag_id": 2,
            "detection_attempts": 1
        },
        {
            "image": "images/sample_0001.png",
            "matrix": [
                [
                    0.9684245208297037,
                    -0.03912660640190413,
                    -0.2462174976057338,
                    0.3987341704791504
                ],
                [
                    -0.007143856084875635,
                    -0.9915574912494839,
                    0.12947087265971643,
                    -0.0497836206225737
                ],
                [
                    -0.24920456010273495,
                    -0.1236238254484159,
                    -0.9605281031836091,
                    0.17614383273662193
                ],
                [
                    0.0,
                    0.0,
                    0.0,
                    1.0
                ]
            ],
            "homogeneous_matrix": [
                [
                    0.9833996930284596,
                    -0.005716763458452012,
                    0.18136251643349988,
                    -0.03860104084134348
                ],
                [
                    -0.08341602477482807,
                    0.8733838808538721,
                    0.47983576719060284,
                    0.001352521737901435
                ],
                [
                    -0.1611422060240478,
                    -0.48699888632335636,
                    0.8584085706454205,
                    0.4513976214747471
                ],
                [
                    0.0,
                    0.0,
                    0.0,
                    1.0
                ]
            ],
            "target_pose": [
                0.4030270824666958,
                -0.048119131331212095,
                0.18267681304472336,
                0.9904826233433227,
                -0.012797926948817193,
                -0.11880454446560326,
                -0.0683071455637175
            ],
            "tag_id": 2,
            "detection_attempts": 1
        },
        {
            "image": "images/sample_0002.png",
            "matrix": [
                [
                    0.9929976088889303,
                    -0.04666672856380355,
                    -0.10852633406698789,
                    0.4147627830456903
                ],
                [
                    -0.028097065584570032,
                    -0.9856023060849259,
                    0.16672926901300955,
                    -0.04925495486193675
                ],
                [
                    -0.11474451466803781,
                    -0.1625124939357846,
                    -0.9800119313908215,
                    0.17280882805892744
                ],
                [
                    0.0,
                    0.0,
                    0.0,
                    1.0
                ]
            ],
            "homogeneous_matrix": [
                [
                    0.9748864282341192,
                    -0.0007341527808735759,
                    0.22270139888338372,
                    -0.03197088225608467
                ],
                [
                    -0.13396529227993131,
                    0.7969025298289149,
                    0.589066769064957,
                    0.049985917555821865
                ],
                [
                    -0.177903773173236,
                    -0.6041074564777107,
                    0.776791109963777,
                    0.4325507179849837
                ],
                [
                    0.0,
                    0.0,
                    0.0,
                    1.0
                ]
            ],
            "target_pose": [
                0.4230270824666958,
                -0.048119131331212095,
                0.18267681304472336,
                0.995229822444665,
                -0.01949673534868403,
                -0.041693964856290726,
                -0.08601796976252404
            ],
            "tag_id": 2,
            "detection_attempts": 1
        },
        {
            "image": "images/sample_0003.png",
            "matrix": [
                [
                    0.9874287417753873,
                    -0.12403511365525727,
                    -0.09797841852368885,
                    0.3561532166456989
                ],
                [
                    -0.11501817373525128,
                    -0.9890119555165082,
                    0.09287718533644358,
                    -0.025095610755794126
                ],
                [
                    -0.10842185954171454,
                    -0.08044030349234112,
                    -0.990845123088153,
                    0.17449149434098132
                ],
                [
                    0.0,
                    0.0,
                    0.0,
                    1.0
                ]
            ],
            "homogeneous_matrix": [
                [
                    0.9889281920337876,
                    0.07815938943165068,
                    0.1261433345225022,
                    -0.03400397014782433
                ],
                [
                    -0.13895933565123048,
                    0.786024465710838,
                    0.602375167432524,
                    -0.008841428138984742
                ],
                [
                    -0.05207047182571878,
                    -0.6132345792171738,
                    0.7881827306000703,
                    0.4797424994240343
                ],
                [
                    0.0,
                    0.0,
                    0.0,
                    1.0
                ]
            ],
            "target_pose": [
                0.3630270824666958,
                -0.028119131331212095,
                0.18267681304472336,
                0.9965258069326005,
                -0.06190157985224768,
                -0.03926855254462014,
                -0.039528360833403636
            ],
            "tag_id": 2,
            "detection_attempts": 1
        },
        {
            "image": "images/sample_0004.png",
            "matrix": [
                [
                    0.9829214601196066,
                    -0.13657614425652725,
                    -0.1233383965209586,
                    0.3802415541584591
                ],
                [
                    -0.12939393559102164,
                    -0.9894924092283908,
                    0.06451342117467866,
                    -0.02634101855016728
                ],
                [
                    -0.1308534014407249,
                    -0.04745238560299349,
                    -0.9902654484692361,
                    0.17748648454542582
                ],
                [
                    0.0,
                    0.0,
                    0.0,
                    1.0
                ]
            ],
            "homogeneous_matrix": [
                [
                    0.991265765693872,
                    0.08756150232690424,
                    0.09861625156938958,
                    -0.03976553862165563
                ],
                [
                    -0.12894347179736543,
                    0.8004068104599101,
                    0.5854250753514371,
                    0.011968604448037618
                ],
                [
                    -0.027672420280554222,
                    -0.5930277574276343,
                    0.8047063539429568,
                    0.4606417805125167
                ],
                [
                    0.0,
                    0.0,
                    0.0,
                    1.0
                ]
            ],
            "target_pose": [
                0.3830270824666958,
                -0.028119131331212095,
                0.18267681304472336,
                0.995670352207803,
                -0.0674943835666118,
                -0.059124316023308476,
                -0.02427700920888866
            ],
            "tag_id": 2,
            "detection_attempts": 1
        },
        {
            "image": "images/sample_0005.png",
            "matrix": [
                [
                    0.9686568060095707,
                    -0.23340975536182773,
                    -0.08499340135133399,
                    0.39365840609761854
                ],
                [
                    -0.2112770305120576,
                    -0.954099293654107,
                    0.21226529209162223,
                    -0.029383558049415823
                ],
                [
                    -0.1306369340934802,
                    -0.18765506641353,
                    -0.9735088944123672,
                    0.1746125257632119
                ],
                [
                    0.0,
                    0.0,
                    0.0,
                    1.0
                ]
            ],
            "homogeneous_matrix": [
                [
                    0.9523498617095103,
                    0.18795159269868822,
                    0.24021644345028237,
                    -0.025538536631029705
                ],
                [
                    -0.2950140170720249,
                    0.7675808211669776,
                    0.5690223305878729,
                    0.03527106938202071
                ],
                [
                    -0.07743688160626849,
                    -0.6127755557940069,
                    0.7864538432663691,
                    0.4474864355130995
                ],
                [
                    0.0,
                    0.0,
                    0.0,
                    1.0
                ]
            ],
            "target_pose": [
                0.4030270824666958,
                -0.028119131331212095,
                0.18267681304472336,
                0.9868093341202223,
                -0.114255251931554,
                -0.042316191152062595,
                -0.10659463150479302
            ],
            "tag_id": 2,
            "detection_attempts": 1
        },
        {
            "image": "images/sample_0006.png",
            "matrix": [
                [
                    0.9939483813742452,
                    -0.0784100762795659,
                    -0.07693162614524007,
                    0.414526035446623
                ],
                [
                    -0.07188595769467016,
                    -0.9938530205480584,
                    0.08419372086932168,
                    -0.026917643689906852
                ],
                [
                    -0.0830603650957448,
                    -0.07815390895747838,
                    -0.9934751845239157,
                    0.17527688557984583
                ],
                [
                    0.0,
                    0.0,
                    0.0,
                    1.0
                ]
            ],
            "homogeneous_matrix": [
                [
                    0.990362505559956,
                    0.028195260163229208,
                    0.13559916992862928,
                    -0.023780036780754608
                ],
                [
                    -0.10713422768058667,
                    0.7764379630940974,
                    0.6210204076562813,
                    0.05451640498746174
                ],
                [
                    -0.08777451133609177,
                    -0.6295626392747725,
                    0.7719757239635797,
                    0.42945651381093397
                ],
                [
                    0.0,
                    0.0,
                    0.0,
                    1.0
                ]
            ],
            "target_pose": [
                0.4230270824666958,
                -0.028119131331212095,
                0.18267681304472336,
                0.9983933496534503,
                -0.032078197208086,
                -0.028654466621788457,
                -0.03688672083912438
            ],
            "tag_id": 2,
            "detection_attempts": 1
        },
        {
            "image": "images/sample_0007.png",
            "matrix": [
                [
                    0.9917330305911908,
                    -0.12735203249123844,
                    -0.015718010521792218,
                    0.3547547309572518
                ],
                [
                    -0.1257379645030537,
                    -0.9889134293866672,
                    0.07899489515994325,
                    -0.01000646682847513
                ],
                [
                    -0.025603912143292322,
                    -0.07636549612915615,
                    -0.9967510976587418,
                    0.1738368217390509
                ],
                [
                    0.0,
                    0.0,
                    0.0,
                    1.0
                ]
            ],
            "homogeneous_matrix": [
                [
                    0.9894842504334027,
                    0.079088043155845,
                    0.12110325996449309,
                    -0.016694804444236773
                ],
                [
                    -0.14005464149406166,
                    0.7330476073675244,
                    0.6656019100999623,
                    0.008856513372123035
                ],
                [
                    -0.036133302370780274,
                    -0.6755636807603911,
                    0.7364157098387122,
                    0.4806744646601173
                ],
                [
                    0.0,
                    0.0,
                    0.0,
                    1.0
                ]
            ],
            "target_pose": [
                0.3630270824666958,
                -0.008119131331212094,
                0.18267681304472336,
                0.9969842681866252,
                -0.06598522797267871,
                0.0032964191460992595,
                -0.040711820133545795
            ],
            "tag_id": 2,
            "detection_attempts": 1
        },
        {
            "image": "images/sample_0008.png",
            "matrix": [
                [
                    0.9864298631833518,
                    -0.14450749609414118,
                    -0.07793400151843732,
                    0.3787247486256352
                ],
                [
                    -0.1370864570669668,
                    -0.9861456302338555,
                    0.09340288678353967,
                    -0.009569683069175244
                ],
                [
                    -0.0903516923410995,
                    -0.08145170067760293,
                    -0.9925735197696067,
                    0.17643820665719312
                ],
                [
                    0.0,
                    0.0,
                    0.0,
                    1.0
                ]
            ],
            "homogeneous_matrix": [
                [
                    0.9866857254933896,
                    0.09564598208285463,
                    0.13154134414316349,
                    -0.013220313020995137
                ],
                [
                    -0.15696321199876195,
                    0.7718053475600564,
                    0.6161810249891936,
                    0.017922043669199604
                ],
                [
                    -0.04258907355901986,
                    -0.6286241735640682,
                    0.776542219859472,
                    0.46119258725913703
                ],
                [
                    0.0,
                    0.0,
                    0.0,
                    1.0
                ]
            ],
            "target_pose": [
                0.3830270824666958,
                -0.008119131331212094,
                0.18267681304472336,
                0.9953748910987025,
                -0.07536192712696321,
                -0.036204922585810935,
                -0.04731394816026274
            ],
            "tag_id": 2,
            "detection_attempts": 1
        },
        {
            "image": "images/sample_0009.png",
            "matrix": [
                [
                    0.9893091974220983,
                    -0.14137509101077417,
                    -0.035782615020975315,
                    0.39595670497362195
                ],
                [
                    -0.13769187101560532,
                    -0.9863608732535075,
                    0.09018412482693389,
                    -0.009898129978700813
                ],
                [
                    -0.04804436025451809,
                    -0.08429300894067909,
                    -0.9952820846832625,
                    0.17655550294926248
                ],
                [
                    0.0,
                    0.0,
                    0.0,
                    1.0
                ]
            ],
            "homogeneous_matrix": [
                [
                    0.9867032598072647,
                    0.091607340688248,
                    0.13425636751284645,
                    -0.009992388850367647
                ],
                [
                    -0.15737363371807006,
                    0.7449371353616598,
                    0.6483071831852059,
                    0.04501947279591308
                ],
                [
                    -0.04062285681839645,
                    -0.6608152234105933,
                    0.7494484798921937,
                    0.44476400186041704
                ],
                [
                    0.0,
                    0.0,
                    0.0,
                    1.0
                ]
            ],
            "target_pose": [
                0.4030270824666958,
                -0.008119131331212094,
                0.18267681304472336,
                0.9962708090202435,
                -0.07115452219701174,
                -0.011009712497993169,
                -0.047542562991240676
            ],
            "tag_id": 2,
            "detection_attempts": 1
        },
        {
            "image": "images/sample_0010.png",
            "matrix": [
                [
                    0.9953782472198013,
                    -0.07034640075390412,
                    -0.06537223311626729,
                    0.41871916169972295
                ],
                [
                    -0.06562505605293621,
                    -0.9952605502328863,
                    0.07176203152211913,
                    -0.008471579615298385
                ],
                [
                    -0.07011060532961798,
                    -0.06714030869085841,
                    -0.9952771885104225,
                    0.1764936059814784
                ],
                [
                    0.0,
                    0.0,
                    0.0,
                    1.0
                ]
            ],
            "homogeneous_matrix": [
                [
                    0.992073221891842,
                    0.0199569298794961,
                    0.12406628613335849,
                    -0.0006224592282652911
                ],
                [
                    -0.09433038309167263,
                    0.770562625668463,
                    0.6303451584240991,
                    0.058913471429447015
                ],
                [
                    -0.08302108907330591,
                    -0.6370517725214406,
                    0.7663370915572161,
                    0.4261261512882621
                ],
                [
                    0.0,
                    0.0,
                    0.0,
                    1.0
                ]
            ],
            "target_pose": [
                0.4230270824666958,
                -0.008119131331212094,
                0.18267681304472336,
                0.9987104835526803,
                -0.028167802968248033,
                -0.027691265009335785,
                -0.03189261293930533
            ],
            "tag_id": 2,
            "detection_attempts": 1
        },
        {
            "image": "images/sample_0011.png",
            "matrix": [
                [
                    0.9925571748886365,
                    -0.11943831024740968,
                    -0.023764356131243287,
                    0.355264542644896
                ],
                [
                    -0.11994199867005333,
                    -0.9925580773023545,
                    -0.02103283473253882,
                    0.013616057057729121
                ],
                [
                    -0.02107537738978779,
                    0.023726635393516576,
                    -0.9994963107689699,
                    0.17399033358783145
                ],
                [
                    0.0,
                    0.0,
                    0.0,
                    1.0
                ]
            ],
            "homogeneous_matrix": [
                [
                    0.9974797999940593,
                    0.06663544532017035,
                    0.024367314804749098,
                    -0.004471515057035391
                ],
                [
                    -0.06561061375198651,
                    0.7355755617118593,
                    0.6742579924445611,
                    0.004569623645510985
                ],
                [
                    0.027005480312314423,
                    -0.6741574819278242,
                    0.738093756641957,
                    0.48033408421383106
                ],
                [
                    0.0,
                    0.0,
                    0.0,
                    1.0
                ]
            ],
            "target_pose": [
                0.3630270824666958,
                0.011880868668787903,
                0.18267681304472336,
                0.9979631493391077,
                -0.062295827900614394,
                0.002191525841261699,
                0.013563908059039667
            ],
            "tag_id": 2,
            "detection_attempts": 1
        },
        {
            "image": "images/sample_0012.png",
            "matrix": [
                [
                    0.9993176679620908,
                    0.02489745932503551,
                    -0.027282137342350583,
                    0.3742799104104701
                ],
                [
                    0.026219429877457345,
                    -0.9984437557381483,
                    0.0492199972003481,
                    0.010845254775884886
                ],
                [
                    -0.026014226794386468,
                    -0.04990173490630742,
                    -0.9984152827644572,
                    0.17442422496470045
                ],
                [
                    0.0,
                    0.0,
                    0.0,
                    1.0
                ]
            ],
            "homogeneous_matrix": [
                [
                    0.9926480518796049,
                    -0.07198454450778169,
                    0.09730401046016379,
                    0.03192257931098384
                ],
                [
                    -0.011966663960618795,
                    0.7416158127427273,
                    0.6707181116114269,
                    0.02204759324709956
                ],
                [
                    -0.12044353055800916,
                    -0.6669514312466479,
                    0.7353020769076951,
                    0.4616214588217503
                ],
                [
                    0.0,
                    0.0,
                    0.0,
                    1.0
                ]
            ],
            "target_pose": [
                0.3830270824666958,
                0.011880868668787903,
                0.18267681304472336,
                0.999531812491141,
                0.012875194373766365,
                -0.0007029119468328487,
                -0.027746911590434985
            ],
            "tag_id": 2,
            "detection_attempts": 1
        },
        {
            "image": "images/sample_0013.png",
            "matrix": [
                [
                    0.9988243849711173,
                    0.048466556676344946,
                    0.0009169901899059821,
                    0.39423966885046696
                ],
                [
                    0.048459943535894764,
                    -0.9988057648381298,
                    0.006219163819746595,
                    0.012901085168047804
                ],
                [
                    0.0012173165437273285,
                    -0.006167415184467203,
                    -0.9999802403699661,
                    0.1742291420396045
                ],
                [
                    0.0,
                    0.0,
                    0.0,
                    1.0
                ]
            ],
            "homogeneous_matrix": [
                [
                    0.9935734101188711,
                    -0.09913955633924043,
                    0.05461892596541891,
                    0.028299159200284096
                ],
                [
                    0.033960140230277436,
                    0.721411096771742,
                    0.6916738670284805,
                    0.047393335637688876
                ],
                [
                    -0.10797493959385784,
                    -0.6853738963685811,
                    0.7201416767527429,
                    0.4420550662012687
                ],
                [
                    0.0,
                    0.0,
                    0.0,
                    1.0
                ]
            ],
            "target_pose": [
                0.4030270824666958,
                0.011880868668787903,
                0.18267681304472336,
                0.9996268038674094,
                0.024248058758571816,
                0.012579827202277448,
                0.0001805099154170275
            ],
            "tag_id": 2,
            "detection_attempts": 1
        },
        {
            "image": "images/sample_0014.png",
            "matrix": [
                [
                    0.9962111597345065,
                    -0.06705311677208232,
                    -0.05538235054219957,
                    0.41929094354226526
                ],
                [
                    -0.06472314517423132,
                    -0.9969830259457804,
                    0.04284577522639651,
                    0.010995063545939328
                ],
                [
                    -0.05808820619699801,
                    -0.03909891951377951,
                    -0.9975455051242876,
                    0.1769730974194112
                ],
                [
                    0.0,
                    0.0,
                    0.0,
                    1.0
                ]
            ],
            "homogeneous_matrix": [
                [
                    0.9958356499540894,
                    0.015972835092384452,
                    0.08975648622594219,
                    0.019862864410770516
                ],
                [
                    -0.07018160663789147,
                    0.76270630921602,
                    0.6429258339589414,
                    0.05989953673589238
                ],
                [
                    -0.05818849001512699,
                    -0.6465477201422858,
                    0.7606511323915661,
                    0.4249877627905374
                ],
                [
                    0.0,
                    0.0,
                    0.0,
                    1.0
                ]
            ],
            "target_pose": [
                0.4230270824666958,
                0.011880868668787903,
                0.18267681304472336,
                0.9986516991644147,
                -0.03946413796385377,
                -0.02312680295210208,
                -0.02454621266126627
            ],
            "tag_id": 2,
            "detection_attempts": 1
        },
        {
            "image": "images/sample_0015.png",
            "matrix": [
                [
                    0.9956167370218535,
                    0.07148471439133414,
                    -0.0603096059541697,
                    0.36086203958154234
                ],
                [
                    0.07676335599290462,
                    -0.9929517288897857,
                    0.09030089297173272,
                    -0.04439736528782225
                ],
                [
                    -0.05342939395748777,
                    -0.09453464816232787,
                    -0.9940867669163295,
                    0.196013721313603
                ],
                [
                    0.0,
                    0.0,
                    0.0,
                    1.0
                ]
            ],
            "homogeneous_matrix": [
                [
                    0.9820170954732477,
                    -0.11858216310481062,
                    0.1469036922329426,
                    -0.01718372457571001
                ],
                [
                    -0.005377670871354379,
                    0.7602390259364576,
                    0.6496212004693082,
                    0.02261057985840026
                ],
                [
                    -0.18871540704003592,
                    -0.6387291241493295,
                    0.7459300242711402,
                    0.5027747488821657
                ],
                [
                    0.0,
                    0.0,
                    0.0,
                    1.0
                ]
            ],
            "target_pose": [
                0.3630270824666958,
                -0.048119131331212095,
                0.20267681304472335,
                0.998110970900648,
                0.03716555967539893,
                -0.020886540332415215,
                -0.044237578761980936
            ],
            "tag_id": 2,
            "detection_attempts": 1
        },
        {
            "image": "images/sample_0016.png",
            "matrix": [
                [
                    0.9938770151738112,
                    -0.08056498975218554,
                    0.07561587885772464,
                    0.3736575352336999
                ],
                [
                    -0.08837737360594966,
                    -0.9903878716789742,
                    0.10640161401833251,
                    -0.04681231148836591
                ],
                [
                    0.06631680438403409,
                    -0.1124328513265676,
                    -0.9914438639675307,
                    0.19140281778916401
                ],
                [
                    0.0,
                    0.0,
                    0.0,
                    1.0
                ]
            ],
            "homogeneous_matrix": [
                [
                    0.9857409847760739,
                    0.02914791414913387,
                    0.16572600892271186,
                    -0.044056403577338976
                ],
                [
                    -0.1424926692237674,
                    0.668447470317999,
                    0.7299820673434072,
                    0.07393421554979751
                ],
                [
                    -0.08950167680095195,
                    -0.7431879833031637,
                    0.6630694317517546,
                    0.47477572141172575
                ],
                [
                    0.0,
                    0.0,
                    0.0,
                    1.0
                ]
            ],
            "target_pose": [
                0.3830270824666958,
                -0.048119131331212095,
                0.20267681304472335,
                0.99585927143549,
                -0.04782955601461975,
                0.052300320917291546,
                -0.0569326048883036
            ],
            "tag_id": 2,
            "detection_attempts": 1
        },
        {
            "image": "images/sample_0017.png",
            "matrix": [
                [
                    0.9970379134524407,
                    0.06823539251671598,
                    -0.03548704476978821,
                    0.3981713128697995
                ],
                [
                    0.07259935942777518,
                    -0.9872950137083052,
                    0.1413431601365767,
                    -0.0493614837482249
                ],
                [
                    -0.02539157634098294,
                    -0.14350082618161805,
                    -0.9893244062167439,
                    0.19546809554510775
                ],
                [
                    0.0,
                    0.0,
                    0.0,
                    1.0
                ]
            ],
            "homogeneous_matrix": [
                [
                    0.9727728569803881,
                    -0.115738197685199,
                    0.2007925255550969,
                    -0.017135345181804915
                ],
                [
                    -0.04828338275606786,
                    0.7461628593982503,
                    0.6640103178447292,
                    0.06738338200170436
                ],
                [
                    -0.2266752824457124,
                    -0.6556261563202073,
                    0.7202587448111599,
                    0.4677840083162113
                ],
                [
                    0.0,
                    0.0,
                    0.0,
                    1.0
                ]
            ],
            "target_pose": [
                0.4030270824666958,
                -0.048119131331212095,
                0.20267681304472335,
                0.9965524943460295,
                0.03609331180856304,
                -0.007503624325744713,
                -0.07432425228264747
            ],
            "tag_id": 2,
            "detection_attempts": 1
        },
        {
            "image": "images/sample_0018.png",
            "matrix": [
                [
                    0.9915715179217531,
                    -0.10670255080381764,
                    -0.07348802962598189,
                    0.4183958191829686
                ],
                [
                    -0.10184334758514778,
                    -0.9925432709726624,
                    0.066976024064877,
                    -0.04627516829614954
                ],
                [
                    -0.08008656191272823,
                    -0.058927250901827447,
                    -0.9950445827711197,
                    0.19528527987656857
                ],
                [
                    0.0,
                    0.0,
                    0.0,
                    1.0
                ]
            ],
            "homogeneous_matrix": [
                [
                    0.9907737556147216,
                    0.052998256878816374,
                    0.12473391661014419,
                    -0.05213049742020646
                ],
                [
                    -0.1202687656883833,
                    0.768081974029257,
                    0.6289558849165122,
                    0.0798675434391013
                ],
                [
                    -0.06247230734407172,
                    -0.6381545784048933,
                    0.7673694969673872,
                    0.4417094194673844
                ],
                [
                    0.0,
                    0.0,
                    0.0,
                    1.0
                ]
            ],
            "target_pose": [
                0.4230270824666958,
                -0.048119131331212095,
                0.20267681304472335,
                0.9976782935883287,
                -0.05325449656012102,
                -0.03167957041129564,
                -0.02825572362131873
            ],
            "tag_id": 2,
            "detection_attempts": 1
        },
        {
            "image": "images/sample_0019.png",
            "matrix": [
                [
                    0.9897258102533844,
                    -0.14292936507939924,
                    -0.0037439439474538606,
                    0.3555708818013775
                ],
                [
                    -0.14216122273188025,
                    -0.9865273533754846,
                    0.08095657967910001,
                    -0.02864338013097771
                ],
                [
                    -0.01526457564620138,
                    -0.07959257276883026,
                    -0.9967105974606572,
                    0.19340921747088136
                ],
                [
                    0.0,
                    0.0,
                    0.0,
                    1.0
                ]
            ],
            "homogeneous_matrix": [
                [
                    0.9873952189017519,
                    0.09288699222403346,
                    0.12815103731743058,
                    -0.03978290232012943
                ],
                [
                    -0.15547486542573008,
                    0.7208325693282553,
                    0.6754464991518404,
                    0.035571718135821384
                ],
                [
                    -0.02963524777713694,
                    -0.6868569091675487,
                    0.7261882251992176,
                    0.49685521371787716
                ],
                [
                    0.0,
                    0.0,
                    0.0,
                    1.0
                ]
            ],
            "target_pose": [
                0.3630270824666958,
                -0.028119131331212095,
                0.20267681304472335,
                0.9961460419398077,
                -0.07595963548400486,
                0.008722434895553417,
                -0.04297808783886152
            ],
            "tag_id": 2,
            "detection_attempts": 1
        },
        {
